0 6732 4
2 3532 2
5 500 1
6 1152 4
9 2052 2
13 990 1
18 1127 1
21 3796 4
23 1135 1
25 3096 2
28 1063 1
31 2784 2
32 4095 3
33 1868 4
38 4071 3
42 5364 4
45 2782 2
48 1420 4
53 341 1
55 4004 4
58 3972 3
62 3190 2
65 408 3
67 1952 2
68 7168 4
71 2478 2
72 1708 4
75 4012 4
77 705 3
80 1828 2
83 4304 4
88 4036 4
92 3744 3
95 447 1
100 2142 3
103 1756 2
105 987 3
108 852 1
110 5292 4
114 6528 4
119 2973 3
120 2006 1
121 1037 1
125 1272 2
126 1361 1
128 4656 3
131 770 1
133 3090 2
134 5625 3
136 5151 3
141 1120 1
145 1036 1
149 743 1
154 1784 4
157 2296 2
160 3506 2
164 5704 4
169 2358 2
174 1725 3
177 4298 2
178 4504 4
183 2775 3
184 5865 3
187 6 2
189 2468 2
190 1761 1
194 1702 2
199 6404 4
200 4648 4
204 2916 2
206 2308 4
208 620 4
212 458 1
216 1168 1
217 5296 4
221 3340 4
223 3180 4
227 5528 4
232 1451 1
233 1511 1
238 2504 2
242 356 4
244 695 1
246 3468 4
249 3056 2
253 3068 4
254 916 1
259 826 1
261 1557 1
262 984 1
266 3844 2
271 6804 4
273 1011 1
277 1606 1
278 4350 3
281 1954 2
282 8732 4
283 322 1
287 4977 3
291 1886 2
294 888 1
296 5536 4
299 2396 4
301 846 2
303 2476 4
305 3860 2
308 417 1
309 695 1
310 837 1
314 1922 2
318 4 1
321 4268 4
322 5292 4
327 3696 4
329 6020 4
331 5624 4
332 2268 2
337 3816 4
342 4443 3
343 620 2
344 1714 2
345 1128 4
350 1660 4
353 1658 2
355 3054 3
358 3411 3
359 852 1
361 4976 4
363 450 1
364 4302 3
367 2091 3
371 581 1
374 1322 2
377 4288 4
382 907 1
383 5259 3
388 5976 4
390 5277 3
395 1419 3
398 6392 4
